point_id,speed
3612F,7.034272465365989
3613F,7.126257234259174
6799F,7.09789955668619
6856,7.162290861810819
6857,6.9011919610594665
2256F,3.853109876275519
2257G,4.016806320121634
6858G,3.972954956903975
2259F,3.969085809096896
2260F,3.9687856127269296
6860G,4.089889173070605
6705F,4.175112493094069
0631,2.277484408898942
2539F,2.7916836377428322
6099,2.3642129999067723
6106,3.419467544316684
6121F,3.4317952075819824
2331F,3.4676301413593165
6077F,3.8543815432515807
6109,3.6084857394135126
6427F,4.04169871847314
2960F,3.0595660051694056
2971F,3.286075198133117
6120,3.2563645032778568
3508F,3.055945889793713
3123,3.8597556031793534
6113F,3.958861188381523
6114F,4.000452257954689
1805F,3.953143917452236
6008,4.843399643846464
6117,4.887065700138874
6463F,4.517577945526193
2285G,3.924859645342873
1042,2.422602766791673
6462F,7.694712406637384
6153,4.070974516756571
6009,4.234479128224647
6155F,4.122864077569703
6156F,4.656664129644594
6157F,4.471697269019073
6158H,4.484285338639132
3572F,3.8291683946044572
2380F,3.533291118144512
2972F,3.407297212000352
2931F,3.4868998803583673
6425F,3.338624422115425
6162,3.090743124988228
6078,2.7889445430837174
2336G,2.9952088608947998
6165,3.0623885880867903
6166,3.3492063292149936
6175,3.334895815554595
2671F,3.6041242353126517
0636,3.242864333728048
6068,1.631130549785909
6808G,3.546932708564816
2217F,3.506676009018308
2218F,3.5125262666255193
6809F,3.5887052465438085
2220F,3.5229316742807115
2535F,3.564648459712352
6810,3.416687737910436
6811,5.582715489817198
6792F,5.635099440042732
3608,5.628597504655906
3609F,5.681924077697084
3610F,5.485091963909567
6812,4.508129654187381
3263F,4.5851776731736384
6648F,4.507233568985724
6650G,3.792056836804945
6659F,4.530208612866706
6657,4.549298255349392
5407F,7.462486877690685
5413F,4.933053192992393
5414F,4.947713603778154
5415F,6.053161302872405
5416F,6.035443974930715
5418,5.765095671205497
5419,6.174386870030455
5420F,6.083167632509269
5421,6.171011018210669
5422,6.005663205876207
5423,5.5180682977754785
2077,5.743433729775075
2086,5.822357023608518
5426,5.782392878816178
5269F,6.713279563444927
5270F,6.67151230044489
5271F,6.73958799610069
5272F,6.40278059766551
5223F,4.764742690560508
5225F,4.8675320980765555
5227F,4.831782494376777
5229F,2.874909890151494
5208,3.0364607504128935
1046G,2.7721098547705187
5466,5.112453935965317
5467,5.0579319445454765
5475,5.087184842535145
5469,5.142231082981085
5470,5.1093737537924
6361,5.878645222295177
5228F,3.801728494090513
5226F,5.823398128123321
5224F,5.762555215630356
5281G,5.5648942812318145
5282F,6.259547785359775
5283F,6.466927334848597
5284F,6.462315427672628
5427,6.536154025427883
2014,7.140784151935342
2026,7.224802516982483
5430,7.148383838112557
5452,6.924569298465202
5453,6.028808174209272
5454F,6.107700218501014
5455,6.18526823537455
5456,5.99572951418146
5451F,5.866184728038335
5459F,5.934740737586516
5460F,5.863587012005904
5461F,6.801342673135022
5462F,6.763855469187612
5468,4.0771625876836755
3481,3.1965794238986054
5405,5.834622593229275
5406,4.5135398628352785
5404,4.495288718993995
5408,4.494366061825066
5409,4.4490527111332305
1047F,4.528224833056479
5258,2.4352817649822804
2397F,1.8290107372773299
5501,3.0153016079091994
5502,3.2406158246075476
5503,4.98225897261328
5504,4.973991769189709
5507,4.876285790566731
5508,7.1036514832492355
5601,9.883975798736325
5602,9.33019532772107
5603,9.881099202903828
5604,9.963521653152311
5605,9.511074541527407
9551,10.421149513201142
9553,10.552434830601127
9552,10.865998779837037
9556,9.14941918757906
9575,7.738419968028271
9577,9.111692722336564
9578,8.86936637118254
5655,8.879699561144115
5656,9.603708537143994
5657,9.917394499759217
5658,9.95387369265771
5659,9.412130101144008
5555,9.931361365813025
5556,6.238698482492542
5273F,5.887220666501631
5559,4.381046093691456
5560,4.57193576903926
5561F,4.562698818981868
5531,4.85954054838195
0089,3.5974540758935794
5521,8.541835229375174
5522,7.934622064485315
5523,8.575344423163687
5524,10.146312173890925
5525,10.282704594548955
5533,10.112697299326436
5530,10.86729839657539
6475F,9.237671745669326
5551,3.043406052039045
5553,7.635735402688447
5554,7.606455759316022
5509,5.911024541369285
5510,6.203123603118696
5512,6.128896404949047
6474F,5.804437377612556
5529,6.364984851564687
5532,7.852483971695061
5515,7.606649219552503
5516,7.754533760901251
5517,7.621273082910189
5518,8.501644355664624
5519,7.8448839882640895
5520F,8.445892683050886
5562,4.060869065119886
9952G,2.943652421407942
4002G,4.203000042184058
4003G,4.316363569536494
1308G,4.311622584440042
4005F,5.530623989581053
4006G,5.531256749737992
4007G,5.576983457720221
4022,3.0445337250673035
6004,4.353133854559047
6005,4.693599540268693
3253F,4.100899265846503
3257F,5.089380786861727
2544F,3.0481517532655067
2548F,4.095804122208515
5718,4.095488037794721
5123,4.065849554041324
5120,4.410164621312051
5119,4.407830764722878
2603,4.389740426553939
2604F,3.8018449474488194
5121F,4.35457034584749
5719H,4.404758612959837
5720F,4.862755892227777
2608F,4.4816325880896555
5721G,4.890632502277654
5722F,3.121816768674199
5723G,3.1691268759858224
5724,5.232295414093546
5725,5.322924994293534
5729,5.26154701857279
5726F,5.217587662836374
5751,5.174902598228381
5753F,5.497022396192418
5754,5.092176360134048
1258G,5.28034893237013
5756F,4.722328108942515
2663G,4.741491874038948
2669F,6.650615475978024
2665F,5.974317387283969
5152G,6.624412701065511
5161F,5.236912477294612
2667F,5.13620857724624
2668,4.422439578613773
5155,5.298437849179487
5151,5.269080007971057
5159F,5.328288937099658
5757F,4.988309024230531
2672F,5.003783111636326
2670F,4.978605933231606
6601,3.8031492249753223
2401F,4.542141276749269
6608G,4.5173276403840825
3228F,3.625423283623349
3226F,4.510196312623131
3225F,4.556102898587262
3230F,2.7179168516257937
6070,5.026657193411389
6071,5.306905292551546
4053G,3.758161577060337
4054G,8.218278560790916
4055G,4.635711424582739
4066F,4.6437868205492565
1310,4.682367177238659
4058F,3.430329425622332
4059F,3.3990366226301814
4263F,3.0038296969501945
2709F,5.670956758553693
2710G,5.701822543390451
1984G,4.529443461408188
5952F,5.577688276098409
5953F,5.529531908823365
5920H,5.691987612441891
5175,4.5953591166143015
5158,5.156471965448662
2462F,5.071254812349645
2463F,5.1748683353115394
2333F,5.157912118677704
6430F,1.4040315316610974
5066F,4.66089726424559
5068F,4.684811923930358
5016F,2.4372658691676987
5018F,4.750413971754561
6428F,4.767209121781652
2334F,1.4106460492464914
2404F,4.4388418019790326
5115F,4.44757669339237
5116,4.4344804000480424
5916F,4.938170884068539
5917F,5.573112825334634
1985G,5.545548656148709
2764G,3.912675658046714
2765,4.209750305670588
9972F,3.9782406128476833
6461F,4.120090899316283
5710F,3.948542808396349
5711F,4.313574753566102
2876F,4.493422736731881
6189F,4.490926727989644
6012G,2.765113645579656
6412F,2.71937309203931
6014,4.5519701691742265
6437F,4.580299566813244
6308F,4.367870999908956
6309F,4.362023572520427
6310F,4.3912591720853875
6311,4.23263611482273
6312,4.362901384374638
6313,3.9084843774363236
6314,3.230809940820152
5020,3.325477553902024
5021,4.678061302420787
5022,4.686193520316424
6423F,4.666709867860919
5024,4.780502952588667
5025,4.797461092719297
5026,4.814843667600941
5027,4.600834594511049
5028,5.468303948964208
5029,5.395939327388612
6931H,4.505304489495403
5031F,3.850891680156646
5032G,4.194525849146536
6934F,3.0107651427117323
5053G,4.9547423905246415
5054F,4.919932194500814
6956H,4.630677045331166
5056,5.200720603567482
5057,6.4774373534661756
2708G,6.541853551845162
5058F,2.0148285045823067
5059,7.117603379783409
5060,7.255412334528412
6420G,3.4805976053242293
5062,5.494535510110832
5063,5.393482294206921
5064,5.446980474761905
6352,3.2300007544935436
6353F,3.988412449954155
6354,4.413612538776289
6355F,4.249514522479743
6356F,4.405675097906553
6357F,4.377592846046694
6434F,4.4134980595868365
6359F,3.6838683794373126
6413F,3.6373894982650326
6066G,2.911876653457528
1645F,2.845951554838574
2786F,3.6450914697470447
5765F,3.692526911336743
5766,3.5412780559331583
6459F,3.7545194127163377
5320,3.3483575865676722
0511,4.2048162820652415
0501,6.9868790550194975
0601,7.000325429013584
0611,7.02025279762916
0621,7.067771060832906
0702,3.8244430885162393
0703,5.723980485072716
0704,5.7484015943821
0705,4.820622210162572
0706,5.150322319808742
6253,5.243160574712147
6351,5.878645222295177
5402,4.5537630061142105
5399F,5.3130233953628
5403,5.054658242126396
5010,5.236481342636166
2869,4.769508374494088
5006,4.567872638609763
5007F,4.779520610072685
5008F,4.787123216313969
5009F,4.632380145560976
5011F,4.137866904568247
5015,3.9342618167844816
5013F,3.980597359167037
5014,4.137278615846041
6651,3.943121914684946
2851F,3.6594668286180814
6654F,3.046991602711849
6653F,3.8643580136488294
1926G,4.083546636967462
2165F,4.308681442222718
5817F,4.3264295385253835
5825,4.654206395657297
5826,4.7911242699514265
5823,5.123927707069691
1110,5.099302753282883
5824,5.641141645731477
5860,5.7594674075532675
1961G,5.417046625501071
1962F,5.537977044570483
2166F,5.270676214947526
1964F,5.385394302579566
5853G,5.391476566016236
6424F,3.337105978454328
6209,5.554138553447156
0722,4.868853107486822
0723,6.576086865877421
0724,5.167316744266847
0725,6.463113422846091
0726,6.428024972658286
6649F,3.678424847203838
6604F,3.8683293317921863
2848F,2.9512109630046437
6607,3.442313808903417
5071,3.5643021123925873
5072,3.7670125176934164
5089,3.4500377204491963
5074F,3.4846466044073656
5076F,3.7806940252276577
5077,5.390283528037612
5078F,5.527818141967246
5079,5.49151666671609
5080,5.438312684738657
5081F,6.623109526947124
5471,5.283870235294419
5398F,4.5779163118592745
5472,4.76443948710801
1289,4.294321957201778
3661,4.4327788420492364
3210B,3.711475580236253
1535,5.25308987780229
3402,6.057894919784588
3403,5.773049725638156
3417,5.121468466944158
3419,5.417474167897235
3411,5.875209812604521
2173,5.989576424621525
3408,4.729360332625897
3409,3.0443891172568565
3410,4.921424251232287
2101,3.5288701679284267
6303B,3.8938059282365463
2792,4.096371165448496
2795,4.763303716639264
6411,3.7519562413085508
5735,3.730252633231331
6438,3.722982213756055
6308,3.714049893045867
3062,3.4214790569139715
6442,2.6124387670038716
3072,2.8197633085828557
3353,3.864927986238951
3354,4.09993352888824
3355,2.9493823630697746
9060,4.618589951094593
6435,4.183172259931921
6359,4.48121723460855
6410,4.520924282959852
2796,3.9021780192701376
2839,4.283360412004168
6364B,3.739022962973058
2100,3.310913937215933
2102,4.242982704277048
2345,2.66951846381925
2346,4.659068709646917
2174,5.436062918444947
3449,5.367229554018897
3470,4.785278838876849
3448B,4.967544582649117
3450,4.9993249370925295
3459,4.680640036401602
3460,5.018435916492697
3272,3.9006390340042754
3273,5.290283070469674
3274,4.4870254365875555
3285,4.489509218087096
3286B,3.715930576607486
3288,3.440132475143616
3815,7.1544848721612055
3851,9.980483821248658
3860,9.269182974932576
3859,10.016406385242213
3856,9.632599686943832
1665,10.93389060105131
3858,5.629015889565641
3852,5.842916700289313
2528,6.000240554288576
2541,5.670736370019911
1662,3.9898891560213667
3800,5.77873525013082
3802,6.7068314724945575
3804B,6.487788917555205
3805,6.736868522825771
1666,5.3952442746708895
3808,12.835983256169479
3812,7.625182997256503
3853,7.641265504625035
3810,7.464904723325754
3814,7.584075787092033
3850,3.040004325408363
3556,5.6529039764981714
1598B,4.2354079102864715
3557,4.427927199732897
3558,4.548786323238297
3559,3.808367913575944
3525,3.958077797600607
2351,4.1030730211454625
3562B,6.152834785866349
3570,6.219021660946755
3572,6.152717380316874
5612,5.860042129363729
2963,5.911509837705768
2964B,5.397642757781305
2967B,5.311779510528624
2948,2.8659189982962148
3567,3.738580447494841
6447,3.384587292833256
2301,5.001575092539737
2595,5.593926683438423
2596,1.0722104389717193
2296,3.8136963699927495
6444,2.73648242106596
3502,3.6641893572089184
3503,4.234784031766329
1734,3.3489149715037643
3518B,3.318337115337668
3506,3.331623430611518
2928,3.254851314358966
5611,4.102715880759591
3508,4.130148913412287
3517,4.847208233509818
3510B,4.863747381343848
2397,3.3714380835382025
5407,7.462486877690685
3514,4.251533138295943
3515,5.116959100699245
1597B,5.109660962715834
3520,3.3493794598026017
2351F,2.1781551142854028
6409F,3.5154565712364083
6418F,1.633377812633663
6363,2.2328154904695956
6364,2.9869667956585086
6365,2.844232859775103
3231,4.627950466743031
4152,6.551731580331888
1303,7.123710044758
4153,6.642121523174793
4156,4.227231192218567
4157,4.992809245586254
4158,3.660458894636627
4163,6.077305182716316
4159,5.685153677979783
4160,5.342154775625265
4168,5.7346315470828095
4169,6.091312607389954
4162,4.817944866763432
4165,5.190546539426272
2866,5.448102807153005
4002B,3.5048680196620046
1099,3.0373374185554987
1116,9.62437874189731
1102,7.932032702806615
4598,7.925326878033358
4599,7.1156109472751945
4600,7.5023780166159835
4601,6.519509165570205
4602,5.453854304191204
4658,5.2688379170406705
4659,3.6663609881751578
3238,4.69526605873951
3252,4.006293359076246
3281,4.936441016826172
3282,4.977227476691247
4014,4.854022248603516
3232,5.184109338666168
3233,5.213542182647718
3239,5.430053715388271
3235,5.904487897645329
3236,5.4037161021802005
4653,6.090056009888335
4655,6.33200326751153
4656,5.2606998782860925
4657,6.1066187330715005
4661B,5.545888901127995
1193,6.31886181224765
1195,6.302990348588525
1196,10.192930005489455
4059,1.827498203157487
2864,3.0959117282059285
4062,4.821569808118967
4101,4.696177400698227
4109,4.91524707255879
4115,5.962530028220913
4103,5.875943856628482
4104,5.624700199323317
4112,5.6257121848351845
4105,6.140906464685125
4106,3.193598737808886
4107,3.982511448242169
4110,3.3297646233185683
2519,6.722515310992494
4116,6.940137367562895
1112,6.590173254685212
1184,4.75031638878693
1182,5.068864622964121
1197,4.689096392051346
2511,5.821764094969173
2512,6.887812854491825
2513,6.89867918710473
2514,6.5174797561384
2522,5.59606158290548
2536,5.388186500811033
1967,4.427749478248594
2312,5.338280646126816
1987,5.680744549847296
2314,5.435929573750166
2315,5.685013825377001
2316,6.039804303280639
2317,6.762544467354911
3064,8.28140393884606
2330,10.18550011842754
2829B,7.498385558610592
2478,5.500842734272736
9608,6.378833288443124
9607,5.576289752149146
9631,7.423510946562807
9626,7.715124807016303
9627,6.9110633035230835
9783,7.465075587836797
1143,6.2517693819963664
1121,4.911284300646788
9784B,7.73138944857412
9786,5.43802221290129
9787,6.037249568117944
2841,7.249958796230543
9707,7.235472566528568
9605,7.680341054098046
9606,5.067716937636331
9632,5.853468639779262
9634,5.703542756346029
9635,5.940970210143237
2352,5.483699585798492
2329,7.35291613033519
3002,10.417270112891298
2358,7.981141019516816
2359,6.781670793546949
2360,6.101352972616184
2361,5.730976586673746
2362B,5.44090970810502
2363,5.7366826475698485
1974,4.945548704137376
2299,4.705311566309425
3001B,7.672401481751244
2634,4.466039978776946
2455,5.82734131502596
2954B,5.655118596807174
2456,5.0719509116914905
2457,5.007840055025068
5858,3.4610566757373373
5859,5.005479305234247
2934,4.495913649287702
2459,4.755917313986331
2460,3.8969071638626342
2767,4.552610683101353
2773,5.229862729835182
2775,5.155734803954586
2671,4.90872161049862
2778,2.254427801286402
2467,3.2775873184832562
1125,3.465794102654396
1126,4.929838773283737
1127,4.9266853081458
3630,3.6795680949950844
1781,3.7129170676013428
2744,3.655372642627258
2737,3.951492163385983
2733,4.230474377196129
1063,3.298174670305852
1167,2.8651707026345554
1168,3.9854420253497227
1169,3.9964386925719024
2780,1.9776679735777918
2539,5.193378969613995
2777,5.212742171088476
2774,5.53124006593046
2772,5.512720287640618
2407,5.14197747487459
2408,3.8643309328837723
2957,4.830679964283726
5810,4.242693649552955
5811,4.434294264347424
2410,2.5133309121277216
2411B,4.142341322971871
2937B,4.458567696644806
2412,4.262857143214116
2633,4.534240074016944
2414,4.602900991032249
2415,4.432882086697096
2452,3.648621856065989
2306,5.525929334787052
2565,8.105717609553798
2566B,5.109376614695588
2567,5.188851064786297
2568,5.299548153782702
1097,4.74463985312296
1098,4.35409854603757
1172,4.688611134101417
2544,6.6646112343057675
6433,3.918054766184181
1131B,3.8852447564300268
1418B,3.4807419684591934
2247,5.083479358351541
4556,5.652405422966078
5044,6.038766349682904
3018,9.479001076334146
9600B,8.76989669025556
3017,10.285565485531901
5048,11.164184808532474
2695,6.136580054632296
2250,4.805552049487681
1270B,5.181184447374059
1162C,2.811922797017043
6432,4.266826362764955
1780,2.9891853668731843
1827,7.039239409758932
1837,11.316254841492992
3003,9.71784729444949
1089,9.933694064179564
3005,10.147961373384552
3014,9.881081974360976
3007,10.220173536309494
3008,10.424408098729174
2376,5.0814146738866
2870,6.514277471321033
2325,4.804552007729862
2370,4.703211765295732
1349,4.479509518672506
1016,3.699430387149064
1024,3.5788941111957455
1083,4.402014886791722
1052,3.4738543594946805
1051,3.0940847846792914
1356,3.598001022377474
2305,4.540673051236355
2326,4.276922604843051
2868,4.470772674880915
2308,10.378702378527391
3058,5.769472243862305
3059,10.3106668572353
2327,9.978469926296166
3061,9.633647822490762
1090,10.583950545786905
3063,9.288099430931114
1838,9.9409539513314
1839,12.342313579450911
6501,5.657651567839769
6505,3.996014582219068
6504,4.061390298180057
4119F,3.6584681451712555
6100,3.2569709909619666
6122,3.5109337859786818
2878F,3.1768341060407486
2543F,2.965575916824909
6178,4.249664681385532
2720F,4.325209074455718
2726F,5.323962267061265
6179,4.207015138059342
2537F,4.162908811655857
2879F,2.8784793220484093
6174F,3.2361381555947646
6171,3.4607143898498185
4118F,3.319187118661758
6172,3.6207170633475547
6552,3.9445347434325995
6553,3.936168023248329
5474,4.352526807841646
1943,5.766324210647849
1968,7.202042778311284
1969,7.047510654370176
1970,4.145554016223656
1971,3.8220294986043326
1972,4.440680609363818
1973,3.1582104257896115
5255,4.460093435234197
1975,3.5073731299402406
1976,3.698167926236026
1977,3.653754527258721
1986,3.3822420843622645
6112,3.378566084548303
1980,3.1249279439518447
1981,2.9068158534696273
1983,3.136729293525132
4367B,2.9208798059378207
1776,2.7141713153556153
1124,1.3299530871165006
3323,2.8674556387073458
5256,2.7990912027401995
6443,0.8751997324116624
1729,2.4161161968181717
1233,2.318682094005444
1906,2.7801694663278402
1909,3.506503414477914
1917,4.2821458290596945
1918,3.2043457795364496
1919,4.639645129583903
1920,4.294024438589344
1921,4.822345499829593
1942,5.815284614055068
4076,5.8146216725384
1910,4.620902303497815
3122,4.821709418064518
1903,4.789723775881981
1912,4.785785632312041
1913,5.673835277468237
1914,5.704257179557435
1915,5.681020173785935
1916,4.840918302449194
2736,3.4238144649069677
2462,3.372446581438675
2463,3.620291965924935
2333,3.607069525673612
2465,2.9228260358583156
2840,2.5394398722692983
2787,2.8871056737670635
2788,2.6487822385283493
2739,4.338082661363665
1801,2.423759091640725
2402,3.2634150759310434
2334B,2.9230930074567385
2404,3.4654480751875445
5115,3.5081052739360583
2738,4.84164374102249
2734,5.0800945629225875
2924,4.325026408131711
3361,3.021029427693423
3425,4.255137109436348
3458,5.827434038464035
3466,4.93559869166512
3468,6.143478301660098
4500,6.1982424345214
4505,4.589411477803515
3904,4.918612009311546
3905,5.362800725226373
3911,3.759706064053555
6454,5.3116481875633275
1563,4.597154491840794
3216,3.9401779233579797
3707,4.3926657905648305
1463,5.280470653410118
1464,5.912735330889461
1476,5.23582849183722
1497B,5.783166941532597
1160,5.2390315714795745
2453,5.257858341903141
2632,5.12753123419623
2616B,4.217647602384772
2939B,3.347060562313979
5152,2.8194358269924678
5161,3.754191340359604
1085,3.665411378380733
2551,5.155325094673395
2556,5.8702584556152555
3681,5.873785677506078
2550,3.8080211578134926
2252,3.0393834130188724
2617,4.044030782610701
2618,5.549477164552888
2619,5.550507340658331
2620,5.488485846444858
2621,5.498449312647903
2622,5.573529785503192
2623,5.046064758282851
2624,5.628544494839554
2625,5.551116985701933
3046,2.707755442201066
3074,0.9584681382920878
2598,3.029908066454169
2614,5.642201792142451
2599,5.585265380300546
2600,5.236341342178094
2601,5.564459432173295
2602,5.430434242600603
2605,5.612706734268275
2606,5.66815843331231
2607,5.54305409554942
2225,3.5482178905466797
2226,3.132468117081499
2523,4.943291700989507
2555,4.512535323364512
1015,4.85437235785649
5915,3.758032502547719
5719,3.895644877215126
2952B,3.792387789849653
2612,3.202004818991778
2631,5.074029589766344
2416,3.903402376261945
2417,3.8856688311413463
3682,3.5524118910054643
2176,3.822114297467602
2158B,4.350911472500294
2729,4.586656285503084
2160,4.522136467680774
9103,4.390860400276175
1065,3.6067112806544164
1066,5.65212431883612
1067,5.34955145495671
1768,5.019122973863676
2801,3.6851860672617303
2867,2.1844818946877322
1467,3.5304719217429534
9047,3.89528369876505
4259,3.8103367209843575
2842,4.669955766823334
4072B,2.7409202890194972
4261,4.684382486629559
4268,3.828160699574061
6482,4.551827848087338
2740,4.980836148587716
2742,4.7736692609305935
2745,4.846453229643983
2747,5.815010935372169
2751,3.9846897051068018
2813,4.137396077122916
2814,5.534877505758068
2815B,6.813032863096259
2816,7.051956861396698
2817,7.202303132948664
2756,6.859883743675315
2365,5.9985780105186235
2822,1.536340315785185
2758,4.033565916773608
2853,4.546464376305385
2854,4.6568322545394425
2855,4.591460362053185
2856B,4.114411363522141
2857B,4.891264725554076
2755,3.88416801905397
2749,2.986759893406422
2746,5.165574137986169
2743,4.298672978052737
2741,4.874634863351461
6481,3.4740729498895386
4228,3.801381490029368
4205B,2.7866427479104523
4206B,4.783829724076948
4207,4.766451819502922
1466,4.843040853359492
4251,5.337471143447445
2874,2.6887425414298556
1746,4.149713086173375
1008,5.15218759463952
1009,4.7528297146301925
1010,5.085285667511797
1747,3.5975544225687752
2162,5.010113902305571
2730,4.399713009887169
2159B,5.058345236949313
2845,4.695854223126122
5102F,4.774659153605204
5105F,4.709930733250029
1306F,4.5711456093911265
1094F,5.623413124858044
1064,5.519843033040459
1111,5.069700624822292
5108,4.6126472452712255
5109,4.805397328621581
0471,4.108007018747165
6864F,4.980421502328972
6865F,5.02458226977024
6866F,2.4277153670445863
6867F,4.454680954471926
6869G,4.143318827263909
2805F,4.391702350677483
5082,3.5127735021348006
4958F,3.6214551149416327
2636F,4.651659145218971
5086F,6.881952625169315
5165,3.720018670768829
5166,4.194672601580358
5172F,3.7995179389333567
1199F,6.873901880664901
1236F,6.719969340486881
1307F,6.935329317395268
5168F,4.626263472439918
5174F,4.747734164164506
5170,4.774858543356801
2637F,7.658000674506497
4955F,7.603773276759301
5003,5.570279744903059
6800F,4.44707412770587
6803F,4.766087624271641
6804F,5.09819249743973
1014F,2.35662254246897
6805F,4.8660953158355085
0472,4.821569645697495
1675F,4.069567732317818
1677F,4.033613734844123
1679F,6.169409017693552
1681F,5.737143762814569
1683F,5.998610361914359
1685F,5.69883275710446
1687F,4.862805651461618
1684F,4.376276874651435
1682F,5.069162061337818
1680F,6.149483381149381
1678F,6.053307791830092
1676F,6.186530679173656
1674F,3.992629691355203
0473F,5.05755240736818
2140,5.099051148860785
2142,5.998948472906651
2143B,5.987518955004367
2144,6.034325348463581
2145,6.094619208923927
2146,8.266230917952358
2147B,8.311172596734888
2156,7.117202613362029
2157,6.769792983948688
2161,6.556818942770882
2167,6.699981358628363
2168,5.124001226463596
1953,5.612913197007682
1954,5.296884387513009
1955,4.785000994201324
1963,5.532742811622864
1957B,5.582694251885089
1958B,5.6335427253425445
1959,5.4446976271589245
1965,5.647447010041556
1961B,4.5293288360451545
1962,5.051650840559132
2166,4.343803742302072
1964,4.516782318292539
1985B,4.214968182532781
4075,4.161314489905181
1251,6.520038619266753
4854C,8.518635693801727
2355,0.6371702017867907
1984B,3.984759955845317
1926B,3.8540493009791303
2165,4.154929290597327
5817,4.1585729061402255
1929,6.106177254813721
1937,4.875669538826587
1931,6.5789798387608425
1932,6.258998577000859
1933B,6.526582881338819
1939,6.494116064275752
1935,6.1372048571326
1936,6.2878442406247395
1944,5.1702246419285816
1938,4.30944670279303
2099,4.692126213768719
2112,7.062819365422224
2103,5.995564817810885
2104,7.070177378305538
2116B,7.035296954880499
2117B,7.884433456169806
2118B,8.056383112643637
2119,5.637658475397771
2120,6.247340142590065
2136,6.236903285056058
2137,6.293702388944155
2138B,6.187782208222856
2109B,4.737911672404657
1250,4.788632977518881
5058,4.072682538317864
1951,1.3283476664691933
2648,5.484856780676319
1204,6.124444711837437
1205,4.688315648345252
1206,5.930319115232917
1207,4.896561707035568
2748,4.43908592463586
2754,4.99058474156403
2776,4.576022686905795
2784,5.117280947906941
2782,3.710689796089881
1178,8.758608304444685
4595,5.29612795665787
6648,5.47508699634454
3259B,4.604505753862552
3260,3.839322172264028
3261,4.343544264643841
1894,3.806350545233431
1820,1.8737811033898397
3347,2.0847203547027733
2303,4.657332899063261
3320B,3.969179302782882
3221,5.080017456546484
3222,5.00393365186786
3223B,4.819346492368636
3228,4.851617466379833
4594,5.4050026367925295
1117,5.7107005476638975
2781,9.204481938705829
2783,3.7628410650564708
2779,5.045600190849324
2768,5.192407152105892
2750,3.7522076507767665
1257,4.3848959498661095
1259,6.305826754571722
1260,5.523793347963827
1261,6.016720314951761
1723B,4.371726431155942
1724,4.490714415948705
1725,3.8546782213070423
1752,6.1067483036112655
1753,7.179559654993412
1754,6.921840127302246
6468,6.4287755831457725
4407,6.651487546449777
4452,3.1483188518032224
4449,5.886742054409389
4454,5.947008072728001
4455,5.340082636496714
4456,5.487931214437368
4358,4.778658088948718
2079,4.604555861074991
2107,6.021352434853807
2016,5.37496834459777
2018,5.715171458968664
5451,4.262768546201801
5459,6.235262077706687
5458,5.070097420908535
6439,6.020879106605087
2762,5.893343451851961
2763,4.68239916312131
2714,6.172064079045168
2715,4.2981021525923975
6440,5.837751782685299
2721,5.990096620250303
5415,4.896117553646832
5416,6.179145021952874
2074,3.6180608068281646
2076,5.68623239709396
2115,5.79830694117067
2080,5.89943576744449
4310,2.382155078740991
4401,5.779351237533692
4402,5.820138164938962
4403,5.298164403104446
4408,4.752759530165236
4405,5.126374162170468
3549,2.678951754631452
6469,5.229416269015015
2046,5.222822193720264
2564,5.717067490888285
2569,6.919614493968596
2570,3.623462602091112
2571,3.678777952060342
2572,3.6708558539514056
2573B,3.691574934215526
1767,3.305625928280535
2575,3.903532892320731
2576,4.140600767807048
2171,4.125900152554213
2547,4.152469781224934
4132B,1.9510077194570838
2809,5.5091111108608315
2810,5.874312987729495
2811,7.50154695578424
2824,6.317695973601642
2819,5.246870074160661
1989,5.325180612849298
2827,5.402452734949224
2823B,6.060975006142058
2766,6.12063452381042
2852,4.977673433858418
2875,4.38094783694674
2861,5.608170300338962
2860,6.77640401434271
2545,5.3785482845422505
4131B,4.251802505674347
2554,2.069187692242339
2170,4.765872189091484
2503,4.745856160966272
2504,4.738945547115956
1775,4.623421236072339
2506B,3.3077212710882296
2507,3.8423800278479594
2508,3.88837475428261
2509,3.7955816247578844
2510,3.793121918200557
1483,6.348184328885774
2717,5.535632686797974
2718,7.9553985563378085
5424,7.917447226309241
2757C,4.597987527803802
2759,6.857191724007437
2760B,6.90146284047116
1203,7.675760519414036
2752,4.197575842030865
2753,5.96333785025994
1751,6.000359163372411
1756B,5.971934949057346
1757,6.054068444625527
1758B,5.95610910803583
2290B,6.044704438552262
1760,5.688268727841904
1779,5.791755457526352
1762,5.72669449241492
1278,5.727813192799591
1764,4.243054442148569
1777B,4.353974675897692
1769,3.790937855973515
4952,2.442797004735527
1706,3.021718744114689
1728,4.655942099997404
1733,4.508982000914975
1712,6.510848424866587
1713,6.667480087906931
1714,4.251391240281668
1715,4.306137221089803
1716,4.328623149419532
2291B,4.269302345873116
1718B,6.201364402810114
1719,6.266196887887497
1720B,6.250413494914693
1731,6.288882365081363
2725,6.495697884774272
2727,6.423007603252935
2728,3.145115918143226
2058,3.436679038943087
2953B,4.730727135039789
2955,4.547014212557043
2951,4.933858018808921
2965,3.3825364233863526
2959,3.9668285720203977
2960,3.2785918442717263
2971,3.500265448633528
2962,3.8696661897992777
2929,3.347358272001319
2972,2.8434141587226036
2931,3.4287848823523945
2932,2.950269149076791
2950,3.700933595223976
2935,5.029885281977125
2936,5.3051289938214055
1072,0.9857456374752924
1991,5.502633682124818
2092,1.8173219364715214
2094,5.4031733189271955
2377,5.006442364861846
6368C,4.322547356500207
2096,6.186170272520305
6461,5.316810926353498
5740,3.4959329654704576
2097,3.963852186281739
3414,4.616545959594733
2067,4.749327845667463
2105,3.9240906130426083
9291,4.192071703727341
6191,3.105774239927312
2920,3.60883363335751
1273,2.6171015668744055
1474B,5.389428118384738
2083,0.46458332233280203
2068,4.513504885706084
6082,3.349321207163322
6190,3.791354445423281
9296,3.8456776730241202
2106,5.185605043423854
2051,4.753402062752968
3451,5.067344636739752
3412,4.9700907317407435
2098,2.211586704297998
2898,3.8939508428387906
6459,3.870885751128981
2367,4.905445477036638
6370,5.6991280822596
2095,4.0550629860303165
2093,5.745369189450853
1992,8.725799298916158
2378,8.716057142059508
9659,1.735454810215085
9677,6.830844511159492
9678,7.054163779492451
9679,7.122042017742622
9680,7.108149947651068
9685,7.021669646529521
9682,7.073539083106579
9683,6.690584487860275
2659,3.5757627957934512
2661,5.444728194909577
2662B,5.346048281004422
2663,4.558631436824519
2669,5.448127908398931
2665,4.7256219094709655
2524,4.055955154677667
5159,3.7894139896965378
5757,4.564079699994673
2672,4.578139348652057
2670,4.523923195088377
2500,3.6350939988735407
9652,8.707871335253325
9660,9.028605085209652
9654,9.045951515969424
9655,8.991210295079663
9656,8.889856033214807
9657,9.040661260997675
9658,8.932504267857093
2548,4.6748240271072214
2553,4.738504431236263
2546,4.318908153390358
5720,4.641696106321392
2608,4.191473710942388
5721,4.674080530720844
2664,4.254617540588728
2609,4.697391991990861
2611,4.690524369959865
9651,3.1851251512671883
1487,4.330226850768324
3752,4.816130235348094
3751,6.501506210313556
3756,5.562950517655193
3755,6.600676701053664
2319,6.17994675250816
2518,6.323042881893305
2256B,6.075427920035443
2257B,4.339984677306246
6858C,4.262861447818796
2259,4.3011136534863885
2260,4.257135527444459
2261,4.6595796537482865
2262,5.885954944416609
2405,5.761888549476797
2264,3.771994254521505
2267,3.5587944676320777
2833,3.569297953765796
2269,2.8784730814574653
2587,2.8900149538713586
1896,1.5810963185362412
9025,2.9189777308716027
2209,4.65327275403158
2835,4.606838596009048
2211,4.262168829433897
2212,5.445212298428323
2213,3.8729329483029447
2403,3.8074997280205194
2215,5.9580701685523
2216,5.913561351520665
2217,4.779021626402395
2218,5.629871312997361
6809,5.661064052906187
2220,5.812325929434399
2535B,5.68196382480982
2323,6.311969833909727
2373,5.841938418956701
2375,6.279799232325879
3713,6.374635111653718
3712,6.439697208601232
3718,5.148720038894116
3717,6.503888917559742
2476,5.759351252133467
1201,4.583046708600621
3047,3.9800945763077933
3263B,5.42508385402285
6483B,2.4105513792736954
2254,3.8340790227201107
2562B,1.9382795005556341
2560,2.30124747691292
2561,3.2676588563358115
2579,3.6594902111106213
1286,4.882960553276413
1288,1.5286178202698293
2532,5.388505252131998
2533,5.457631289877383
2534,5.524724566392525
3709,3.0051912022162304
6484B,5.062354651531076
1743,4.547011735389493
1744,6.926070711580028
1334,5.28025488018855
2849,6.042036922641672
1606,5.562925159023553
1748,3.2023985427939814
2423,3.5641381007154385
1114B,2.3398476743763945
1115,3.9142322173727404
4111,1.3221194681527233
1179,2.6446229544103934
1180,3.5518632657073823
1183,2.230155487208166
2422,6.201327291990686
1710,4.869393220324158
1711,5.781812167785552
1599,6.141700601267695
2850,4.966070152654527
1328,5.470737102777653
1721,5.811713750548251
1722,6.623867152594112
1727,5.457496464719977
1802,6.520405336060097
1803B,4.22524916671192
1804,4.237497702189669
1805,3.521037300382602
1806,3.4153518043992053
1807,3.914633589636537
6473,3.7121109039050415
1809,3.4350621026337596
1810,4.310581872876091
1811,3.5260857299905335
1812,4.1639213582585075
1813,3.8523345358118135
1814B,4.560229387421824
1815,4.4206679697022535
1816,4.833251925530785
5287,4.310484832641268
1818,3.220205152813543
1819,5.2453903342494845
1834,5.095484737850985
1821,4.636891734343903
1822,4.360055094984381
1823,4.579013264534045
1825,5.108235916577474
1826,4.902246078978399
1835,5.839765446254179
1252,4.994833910964767
1828,4.713248371363894
1829,4.788389271157596
1830,4.859263198525552
1846,5.064191281103553
1847,5.43855955885982
1302,5.765647955806815
1840,4.766471959492745
1850,5.499008677501987
1851,4.104548065146971
1852,6.587031251102741
1853,6.333845037441243
1854,6.209934914248621
1841,6.013907061241442
1856,6.723750860967168
1857,6.651932614428696
5273,3.2584196873227067
1859,4.123906936105487
1860,3.7308024609466246
1861,4.07666832530143
1862,4.203265467072431
1863,4.267199780669526
1864,3.864827101673387
1865,3.9145027765739315
1866,4.385321247339902
6472,3.389510650999579
1868,3.83173896389574
1869,4.204070058671736
1870,3.351494883687751
1871B,5.163232461910859
1872B,5.152425210637214
1873,5.165652619148432
1416,3.850476622853676
1148C,4.110705258403997
5480,5.0718318342119275
2578,3.598688717471257
1376B,3.7355337576030334
1128,4.124454554507297
6354B,4.306806897082989
3505,3.0045707151741348
2177,4.506470395913993
3629,4.275543223521726
6353,5.5448783849496905
2392,4.998454295838965
1707,2.767178980343152
3177,1.4188219288412822
3171,6.185513344931626
3172,4.9239299998427954
3173,6.295345655384568
3174,6.179152255846049
3175B,5.968357128987921
3176,3.2911811625658696
5362,4.097768508625333
5045,4.4347273691639595
9311,4.18627268738587
5299,7.212081440074363
5046,4.092160016769891
5361,4.816998502166282
3126,8.340472560832971
3101,3.571634375270311
3102,6.126662548649044
3103,6.505583065138724
3104,6.418986017925829
3105,4.946960883324777
3107,5.994533270948324
3633C,2.432027740793229
1321,5.811216862275932
1551,5.380273265790748
2022,4.354289946081086
1043,4.843951312560906
2037,5.164406274599273
2038,6.4778868370898985
2039,6.205833307131089
1339,3.6943390432993906
1402B,4.300160073831845
1419,4.666709650974768
1403,4.654523521942609
1404,3.7209997612427954
6448,3.637317900064534
3956,5.6289595559864125
3957,6.536059719194665
3958,4.151784584115669
3959,5.034498731586389
3962,4.279886951356234
3463,4.036720764789168
2041,1.8409650866293417
2042,6.674192017516048
2043,6.903418509313339
9853,5.5952668673698644
2028,4.492866146010728
1531,6.402910698809207
1320,6.36306782364769
1533,6.6954367785209286
3920,3.5809388249807563
3902,4.512138035071844
3903,5.220388139962925
6450,5.426772243293149
1462,3.7016515487274217
6055,3.3058068711167747
3207,10.55943704819862
3200,7.291530100731319
3401,8.153339797507961
3898,5.663655348897756
3199,7.841324876265258
3203,7.7007996269015715
3204,8.322333733171568
3214,8.382099384083716
1132,1.4757545228567523
1133,5.830074031991547
3251,4.421758299626002
1516,3.3379216594300907
6451,4.737160818323085
3961,4.914221351245033
4558,4.575764884139098
4555,6.089239153158497
3404,4.561748729814648
3424,5.970161000107973
3306,4.5487520293157635
3420,4.2762949530616785
1893,4.412916916475353
3279,9.882554840058308
3280,9.865946114208015
3201,9.492529160437641
3276,7.297216464329631
1540,4.759915228753448
1525,6.212118806287109
2084,5.979901736002375
2085,6.961418287416291
9876,4.4378352560644
2071,6.9282397470651285
2078,6.3462279451289705
2087,5.792290542111506
2015,6.765797579437466
2029,5.879192225360766
2017,6.763577512479871
2025,6.453201008459798
9851,6.800111498629409
2069,4.6278137632933944
2027,7.231836961441626
1553,6.0045346148563965
1554,5.67809963289512
1550,5.853277118444184
1385,4.330971232036373
3461,3.159637606123507
3462,5.1322203586252115
1534,5.112352988719229
1538B,5.854024402125677
1832,8.472543324042025
1833B,8.788928213479553
1451,4.13501950107723
1450,3.8207024165982464
1454,4.756610822923791
1449,5.359805990656223
1456,5.772187878055169
6477,5.720374042411383
1458,5.98520485891348
1152,4.634585259011769
1153,6.9755915367992785
1459,5.968348657580395
1460,4.426555310493207
6056,4.608642149663144
2919,2.3340080378873655
6021,4.060512967752645
6449,4.589486971575181
1406,6.402738425778896
1424,6.7360083021737625
1140,4.569505961522938
1141,4.57236458142556
1408,4.782502068674664
6476,4.992902531967423
1410,6.549796343161709
1421,6.002922130581918
1412,6.0510393764899355
1422,3.5536165645398343
1423,3.3768837510418326
1415,4.019436070223593
1831,5.590032112941772
9983,3.806543519965243
1154,3.211984450988713
2289,1.4461006873919273
1628,3.8693092204400137
1648,4.780245953467811
1649,4.725981195924914
1650,5.214256896844836
1651,4.811836321859849
4856B,7.686255710955
4853,5.891467398099001
6931B,6.029714018947899
1652,3.1492014583810506
1736,6.853089398149395
2153,4.623016772034416
1630,6.3811462145328575
1739,5.449068971151566
1653,6.393960797938517
6956B,3.117293222481094
4804B,4.722123251383676
4857B,4.1993015777340785
1632,3.8340362867826947
1633,4.447092953644833
1636,4.124293878768188
2909,2.481394415458104
2903,3.6321754608042514
2910,3.895821489480306
2982B,2.452508261948642
2900,3.9017241659886013
2992,4.341415605939456
9292,2.4900551314890844
2657,2.3634433186517634
5812,2.1902497714445834
5813,5.30490777386408
2559,2.835637326929991
5856,3.6097465585806603
5857,3.878683023510593
2658,2.833647601688157
1631,7.003439374593205
1656B,7.780810748119667
1668,7.225023390154627
1657,7.489337532833099
1669,7.728817629555228
1659,6.098114573700801
1660B,7.902427549098248
2425,7.833735298872942
1673,5.728750844093389
1638B,5.515763754850711
9561,5.335543510017431
1381,5.960442895122151
1387,5.761982520579469
1635,5.909757417531719
1601,8.875760273539044
2424,9.558137565598873
1616,6.029161443505205
1625,3.38607311947413
1375,6.347122750636691
1377,7.012015506599299
1380,7.414361607607046
9169,7.273166720222729
7501,6.874037022815936
1614B,6.442308966096588
1615,5.048992731730217
1605,6.005114052101394
1617,6.466721576393173
1602,5.988361383762428
1620B,5.413826196632975
1627,6.1444912132686085
9164,6.457472377002344
1629,4.254670977281537
3546,3.636485812149
3551,4.2743195461527925
3550,4.602056764037079
3526,6.255318702057905
3529,6.176494203765704
3522,6.260975260892188
3530,3.4119052918716704
3524,6.647962106667508
3552,3.7555407410198933
3553,4.071933696928038
3547,3.9837941902637266
4298,5.072212728987067
4299,6.2201536022636725
4311,6.0922769065841775
1453,5.534328966239751
4313,6.177109283768513
4347,6.0516385716439345
4349,5.54421058983263
4342,6.28305069334948
4289,6.528577975595435
4288,6.024177510220549
4290,6.3811415508284
1472,4.378203109171933
4319,6.590662217893395
9059,6.366864314570624
4287,6.900080347449539
4292,6.729214439736218
4341,5.186316315962658
4351,5.516126708869594
4348,4.2234089250669085
4355,3.430010665685992
1455,6.5760046038076325
4357,5.938592146510299
4293,4.6681933377388845
4294,5.969512697146933
4295,6.10196065219834
4296,5.335012925026313
4297,5.76900787367648
4314,4.334226382117776
4315,4.8484841438749
4318,4.534818504160271
4340,6.116170920799804
4345,5.302381366977234
4344,6.350780784777198
6210,3.880349834328932
2975,3.9286535119668553
2976,6.662570778004467
2977,5.6241024957313055
2990,5.386387188342278
2997,5.5420787559440745
2980,5.2988393681578465
9702,3.3620493980748747
9727,3.9100813045743212
9728,3.3801942622137124
9701,4.473515829638095
2888,4.215617806503631
2899,3.15292758818616
2905,5.3475374841954455
2988,3.456339523640276
2292B,2.6677922047504885
2908,6.002688664394869
3304,5.761934584143741
3305,5.8504710054309
3307,5.2119064634768675
2996,4.233453145341491
2926,5.0457571948676785
2915,4.706549134011114
2916,5.168867528301744
2917,5.250195159076305
3299,3.845424477183849
3362,2.797335188785863
6081B,4.1567746506314736
1283,5.246152688536309
2294B,6.361784658935988
2987,4.475849111841924
2986B,4.701083366241306
2991,4.450930474187169
3042,4.911188034113498
2895,3.791114516127813
2594,1.197081752919302
1567,3.930064319935168
1568,3.209563088774567
3219,2.469792287118564
1569B,3.969561516790553
1570,3.898306308173887
1571,3.7739208676449825
3358,2.59668801367658
3359,3.1266907586885093
6445,3.4186051153612445
1508,2.451533833759158
1509,4.536987241352042
2680,4.444655035032031
1512,4.631231098320045
1513,4.64393873187538
1514,4.227220124740083
1515,4.602892482169111
1518,5.722575797527332
1519,5.43329426502357
1520,5.229378530477682
1521,5.790098091894305
1522,5.586221298695446
3899,5.596919725006802
1529,4.412756775088657
1379,5.163186611616704
1526,6.100677838772128
1527,3.4816484590986074
1528,3.7996640749916137
1552,5.9647947949871085
1578,4.807553683989111
3910,3.673650353725853
1557,4.784122075358858
1558,5.036605857914117
1559,4.969662642740139
1560,5.039299545073939
1561,4.788273991756933
1565,4.578521036973704
1566,4.242763426420398
4223,7.729502469031226
1368,4.251176940955906
2803,5.1331184119715765
6800,4.129246460307388
2584,3.5054617218669564
2586,5.695292020773646
1782,4.757311676123693
5009,5.319068998209307
5011,3.969257872425943
1019,3.7223403519723504
1351,4.989045349177293
1348,3.0047955051041715
1350,5.755535300072263
1056,5.419708462686226
5074,3.4852503937430614
5076,3.7989993671389537
1766,5.496013128976483
2515B,5.287509721946819
2498,5.137578520982842
6869,2.5979097216586196
2871,3.874816394604597
2873,4.973555496343762
1755,5.379792305003033
1103,5.639080251031016
4071,5.257009617329485
4265,5.035922280737741
2927,3.889123361437841
6464,4.000472157302388
2970B,5.534468120518179
2974,4.382439045631139
2995,4.833053733991123
2912,3.93163563373161
2918,3.912523714974336
2922B,3.6837371539286567
6465,4.535971111721613
1030,1.1350627420710624
4213,4.559524753427185
4214,6.175060768456134
1793,6.170900187977627
2082,3.70409191660295
2072,5.3826738362554085
1198,5.70610162519807
1120,4.547426841397234
4066,5.276920493888821
1307,5.294875579186692
1190,5.681128261452744
1209,5.2078785079963374
1194,5.669169786572814
1095,6.442447225883665
1105,6.366312555827495
1306,5.783885155669442
1118B,4.060645986466697
1119,4.8159186469644935
1096,4.042323262377846
2073,4.723732342264361
2081,5.29947599716858
1792,4.062239047202371
5013B,3.8291409399518
1900,0.8565373198360947
6158,5.917570673752424
1280B,3.804587505548628
3155,4.237458979156678
3156,4.276715121918079
3160,4.34152614140163
3158B,3.9983244811920073
2889,4.391667615796945
6018,2.071233206219944
2890,3.7150662300150397
2891,3.560532652995193
3166,3.6119351476456774
3167,4.131492707206014
3168,4.335718873239034
3180,4.9690438462618545
3181,3.960607568017087
3098,5.9645336822662
3099,4.693102512943162
3106,3.7141838069148103
3109,3.6245223004789606
3110,3.6137658770509384
3111,3.7287135694110063
3112,3.531974070300876
3113,3.7448003634886113
3114,3.776608349638858
6017,3.6205879829835506
3118,3.382737983891693
3100,3.5729643458616103
3117,5.852219162941826
3921,6.107654288970674
3120,4.155758829401453
3121,5.722377764945752
3131,3.9624301877390904
3125,4.076966993811207
3922,3.4432267638230196
3159,4.995786314131253
1271B,2.3861881930873987
1880,3.802280147018735
1881,4.294526729013436
4705,2.738702763185296
6408,3.251689864970825
2122,3.7441821459324607
2846,4.431043761001074
2123,4.41644151641319
2124,4.298258185075061
2125,4.438130521202237
1737,5.921892429552421
2769,5.986139149068608
2770,5.899702940412026
2771,5.924766438485806
1949,6.093094539417062
2702,4.350889540830355
2703,5.983459343647022
2704,6.299092953187532
2705,5.9398844385300995
1738,6.313719850409577
2131,5.039045684680996
2132,5.303929953962892
2133,5.223240307333461
2847,5.3708702079432555
2134,5.381301218271193
6406,5.553561047392927
6453,5.909009300365387
1884,4.55175678366863
1883,4.6463200608423
2108,2.402053423847249
2732,5.300923697461786
1510,4.72786203935582
3702,5.114109925656625
3240,5.7371508272513765
3704,5.824513271445334
3705,5.828438109738419
5308,3.5308247569533435
3266,3.8098384427854723
3761,4.531469425327079
3762,5.057904106916335
3763,4.995976857301807
3766,5.13049200240875
3765,4.9902753027841475
3217,4.527386362455229
3218,5.061250566713921
2735,5.546245774268703
2163,4.602788024829304
2805,3.3829678277277995
1788,4.4459974432539155
2807,3.975258582953358
2808,4.965517945916255
4125,1.6677476803547358
4267,5.1246400794436955
4271,4.871830938455711
4217,3.588664173867431
1904,4.627114089196417
2838,3.65676195993548
2830,5.160345707106603
4252,3.8914860911875055
4258,3.011499863983811
4266,4.655909574970711
4127,4.945587616837953
2863,4.032539931418343
6173,4.204169023918767
5295,2.061667336736758
2859,3.609356805050755
2877,4.186489250587771
2164,3.9065263342157097
5952,4.501992582276997
5953,4.4773306384871505
5920C,4.547718025343821
5922,6.696359104953856
2610,6.824981222409646
9686B,4.257085742668996
5964,6.330922253363347
2382,3.7461767524260012
1478,3.2178266139582603
1479,3.815703606146921
1498,3.9156690275023314
1480,3.533933376640903
5297B,4.70200724048281
1495,3.966555250600105
6856B,3.727114094128188
1482,5.002105195029148
1484,3.965358104237262
1018,5.1922965667216845
1486B,1.1807022881688003
1489,4.324339541872509
1490,3.4277395197862606
5296B,3.6343468882159957
1492,4.255551340150314
1493,4.177981627348154
1541B,4.718484587913939
5963,7.508839844456278
9649B,6.771499319333121
2660,4.928696176160381
5923,7.5197421018186805
5921B,7.2428217226997305
5916,4.359011554432639
5917,4.347457619064465
1208,3.6048164371663334
2582,3.5436597735635753
2585,2.5664752382493687
2287,1.2406205740566878
1156,4.810111336003826
6053,4.904629094812654
6054B,5.090811629520359
6058,3.607883577069907
6059,3.078423828028703
6060,3.3452913517283043
6061,3.3917410800854557
6062,3.2633381929685568
3313,3.9002663027595132
6436,3.320827477986091
1988,4.032262615271434
1901,4.541370834120952
9023B,2.820937341110316
6019,3.246735160137721
6020,3.632066524323842
6023,4.227581111398508
6022B,4.148754740313385
6024,3.9404972504839537
1136,3.717723815144373
2283,5.99526382697861
9996,4.736857595102256
2271,2.842158352290375
2088,3.8627367092942477
2237,3.8078007084342596
2238,2.8993838306727615
2239,3.9280739252001524
5760,3.717745451359783
5958C,4.862144515557921
5965,10.556511794169657
5959,10.397954512429433
5961,10.278476383329378
5967,10.192282452100038
5968,10.474588929702723
9776,7.117820918923591
9777,7.018055445716166
9778,7.141251741935199
9779,7.141919595649537
9780,4.507742095853399
9751,3.878575700118221
9753,4.137444938166151
9754B,9.546988608935074
9755,9.797507191701884
9756,9.646204980615204
5905,9.833464987615791
5906,10.7601107110146
5908,10.904278615993194
5910,10.931376013201298
5913,11.022969642738703
5911B,11.166623814259879
5761,5.936360458051082
5741,4.573169547927602
5742B,4.743480642444765
6123,3.8216476638952916
2089,4.745049701551399
2207,4.792700997927644
2831,5.094443744221191
3253,4.275498388572134
3257,5.468179107253768
1242,3.155606294257456
6754,3.4199466516031887
6755,3.429544754215308
4253,3.4251271064803444
2558,3.8573552970321336
4074B,4.751411583239119
6702,3.6386650047303934
6706,4.725545531139087
3225,4.595001854004759
3230,4.725180405305926
3234,6.913546654772363
2431,2.3522221483873555
3909,4.080276105508554
3919,5.65995834341929
1150,6.097436514115164
1157,7.255997287524642
1158,7.921519687123959
1134,5.5694398569806305
1135,5.002361409268492
1113,4.793429007251113
1139,4.972482195826264
1138,6.018239050818214
3900,5.0633778853433915
2430,3.58617048661452
2429,4.991071009065656
4308,5.029567163878635
4309,5.982343360244789
1145,1.025946734236229
5219F,4.436359421412646
0626,2.8080326912386835
0616,7.0226625627189465
0606,7.031753021695817
0506,7.050127787538381
0516,6.991158527462763
0526,4.589420879629435
6177,4.113130652238873
2200F,6.065614769784178
2337F,6.352764914790881
5770F,5.420267640874467
5771,4.692329459478201
5772,6.2612372016247395
5773,6.299960545405822
5806,5.892957306231421
5776,4.620023785748344
5700G,7.178866584796278
5704F,5.83915981432602
5705,6.252836397253679
5706,6.156430726227226
5707,4.3227765136360015
2338F,2.544244480668678
2318G,6.893721228426154
5714,3.378548069532541
0531,5.257602639842114
6422F,5.239796085041124
5221F,3.584679371888043
9959F,3.4501310702580255
5356,7.342552662671946
5357,7.373781701589077
5350G,7.28935116351571
5359,7.399659974493244
6456F,7.6732373789626225
5759F,3.815402847029099
1049F,3.3422185497364714
5210,3.642982166733288
5211,2.9775739722591634
5212,5.365844877615218
5213,5.350813673430336
5220F,5.310107454443665
9969F,5.6727013314405506
5222F,5.120537859502965
5253,5.394514278327579
5254,5.468884823129221
5255F,5.469907767168057
5256F,2.935912428017073
1048F,3.7570216088400796
2246F,2.3080176743178624
0821,6.781268012523303
0811,6.831703963547362
0801,6.601543129695186
0901,5.209687239898927
5312,5.223840966036919
5311,4.319846809259745
5266F,4.322378448468348
5205,4.338384052609874
5200F,4.305435372901542
9986F,4.7726191445812685
3480,2.508819486145922
5264F,3.8688291140854667
5261,4.829650574582318
5265F,4.88111219764536
5267,4.8156125002975205
5352,4.85865994678403
0906,7.896523723037679
0806,7.937185846337202
0816,6.662822466471498
0826,6.8634029862515895
2243F,6.812494353207993
5354H,4.229447631445791
5874F,7.838960258703237
5275F,8.026517016038508
5274F,7.818956937647867
5308F,4.252835792324247
5279F,3.97999945831458
5278F,6.299158886453652
5277F,6.359127379864928
5040,6.351153925857952
5758F,4.51598892596768
6457F,4.11833265699502
5303,6.371947618903136
5317G,6.278136865619439
5305G,6.346338177006792
5306G,6.141713900835189
5307G,6.298512063547347
4502F,1.451479942746837
5921G,2.8923777890254256
9963F,3.951097375204677
6421F,6.944173102738281
5355,5.2167869348161995
2635F,4.1831822404626005
9051F,6.921298474143992
3953,5.514034888886889
3906,3.9276921814228265
3908,4.824934030140692
3954,5.634019168186855
3952,5.286343610789373
1159,6.094102218270597
3912,5.286242963555572
9946,4.524894453047594
5361F,3.890386811495945
2902,3.824878009501442
2903F,5.053298292715638
5872,4.962065950176512
5802,4.451091032316231
5803G,4.281548542576026
5804G,4.453033781569925
5805,4.345461131273202
0521,5.129421897349028
0529,3.6874858522519602
0536,8.594813015724789
5762,3.470751860656463
5865,4.705876442428717
5866,4.658435194970633
5867F,4.963393333468046
5868,4.750640097543356
5801,4.821523922308887
2900F,3.895691579238427
2901,3.895679211035184
5362F,3.2590317583655968
5039,2.0047073683557275
5299F,3.0440111871948434
3330F,5.610795615524844
3317,5.632682852096769
5042,5.596303826716582
2241G,1.5195487879971106
6258,3.7214059559209582
3308F,3.6636082820709084
6204,5.095103952088886
2242F,5.199339587482814
3321,6.685765530419761
3337F,6.6169866056534925
3334F,6.6932986102601815
3338F,5.304752218314397
5041F,5.31498416965198
2793F,5.856469975648868
3360F,3.2990431786495487
6419F,3.215613128117505
6260F,3.4786111899712213
0539,3.828710123952262
6201F,3.2411080596337816
6202,3.4249217577463846
2794F,5.656053890487426
8742,8.92037574222407
8292,8.281015722667
8282,8.259778219525144
8272,7.281171839607204
8012,6.106942811218984
8022,7.733203897003388
8032,5.545686789060114
8042,7.112022096860694
8052,7.992824224925715
8062,5.249542254534663
8072,11.497377047305319
8082,9.251864890229053
8092,7.614048152489439
8102,7.045103852657305
8112,8.373783166919532
8122,9.137303383884959
8111,10.783549048206249
8101,7.368409829421428
8091,6.715012690774855
8081,7.852332594558193
8071,8.222687061425127
8061,11.25805177459079
8051,4.811726658925336
8041,8.696761637112086
8031,6.548377527473388
8021,5.828007693884484
8011,7.180415126794954
8271,5.872661578102105
8281,7.412180674128078
8291,8.289745120232046
8741,8.385601329145286
8731,7.83097041196343
8652,11.92325036985539
8662,8.02701978899468
8672,7.789881990943019
8682,7.858697544689857
8692,7.399458163123039
8702,8.531307286795071
8712,9.387966584474174
8722,7.893433529171686
8732,8.33874704232035
8202,8.583892381708505
8212,8.75575950721049
8222,9.707763447164814
8232,6.138699445098576
8242,6.899264390178118
8252,10.569787400676852
8262,7.62793338914951
8251,9.638278725204973
8241,9.88572089470624
8231,6.507318813197547
8221,6.3108852670692555
8211,8.521090199788834
8201,8.906243863731754
8721,7.962554838051012
8711,8.98519156029872
8701,9.990115095729323
8691,8.629166325117685
8681,7.691104410538205
8671,7.910143184347839
8661,8.762275219988135
8651,7.985980079825457
8641,8.490771200578918
8642,7.798335264610052
8803,9.145362893851397
8813,8.056628765129275
8823,7.814741423037497
8833,6.342408930791915
8461,10.505292359884262
8441,10.224576731574375
8431,7.865195633329213
8421,7.028553282858124
8411,7.372815564960662
8401,7.242127451456752
8301,7.220790136113684
8311,6.312936173531031
8321,7.696790494298558
8331,6.692775392090047
8341,5.934329795930965
8351,6.0868544348511415
8361,7.574053249242476
8371,7.681638756172548
8381,6.7607744992990995
8743,7.342360153983575
8753,6.26522173616277
8763,9.513567235942809
8773,8.49142127106009
8783,8.871659727701743
8793,8.113393556303937
8834,6.367752118882547
8824,8.537961406835315
8814,7.743895764352391
8804,7.941940007670301
8794,9.541102532571694
8784,8.48838833182354
8774,9.090826909972145
8764,9.151892945120428
8754,9.280516109095128
8744,6.048184441612339
8382,6.577342557952614
8372,6.79698232885399
8362,8.51217270867164
8352,8.01662327992953
8342,6.222959360692221
8332,6.037079433104212
8322,6.471738881982967
8312,8.006461430425313
8302,6.228744989960751
8402,8.129255255353293
8412,6.538019649318888
8422,7.186680692765504
8432,7.370091518646648
8442,6.99044219365807
8462,10.203102905497824
8472,8.846996884499584
6371F,2.9350784027561754
7355,4.101297008947225
7356,2.785602020677076
2436,3.169027167720998
7718,3.1778799555318185
7452,2.443900688956987
3051,3.0984500964456902
7717,2.7825062700015457
1439,3.3137291019073256
3054,3.2885918056539856
3053,2.519515938053084
2268,3.6362002379760354
1703,3.370877972348379
4303,5.114202955558262
4304,5.061891681302306
4305,5.092710678583863
4306,5.130987712584888
4307,4.180241423017201
4359,4.998117373930561
4360,5.683749026681765
4362,4.166837248526226
4363,4.358989010110658
4364,5.532400964753278
4365,5.499391701348691
4366,5.444622841119671
1165,3.2777779386048906
2278,2.7490184047638797
3050,5.402218436910767
3052,4.539920140094927
3048,4.014273619787236
3049,2.3354436317166445
9920F,4.384248860269561
3334G,6.685733331168846
8742,8.92037574222407
8292,8.199025467987127
8282,8.145059077587295
8272,7.11184226194192
8012,5.921883938151741
8022,7.255845631756265
8032,5.351101287689583
8042,7.112022096860694
8052,7.886253235260039
8062,5.249542254534663
8072,11.389924925367886
8082,8.7892716457176
8092,7.004924300290284
8102,6.81411684109477
8112,7.914945733115721
8122,8.712312528820542
8132,9.505531426212544
8142,7.7992805110713395
8152,6.0600066684851575
8161,7.319637371566408
8652,11.92325036985539
8662,8.02701978899468
8672,7.789881990943019
8682,7.858697544689857
8692,7.399458163123039
8702,8.424665945710133
8712,9.15326741986232
8722,7.698533935858805
8732,8.222931111177012
8202,8.202386053632571
8212,8.639016047114351
8222,9.222375274806572
8232,6.138699445098576
8242,6.646852278342333
8252,10.569787400676852
8262,7.62793338914951
8251,9.638278725204973
8241,9.658462943103798
8231,6.350515950228932
8221,6.081398530084919
8211,8.836686133114346
8201,8.671869025212498
8071,7.6959033126243686
8061,11.15662788472961
8051,4.73284589402492
8041,8.448282733194597
8031,6.123158207507583
8021,5.715930622848243
8011,7.093904101170918
8271,5.546402601540877
8281,7.412180674128078
8291,8.289745120232046
8741,8.385601329145286
8731,7.287153022243747
8721,7.744402650707149
8711,8.739021928509713
8701,9.723712026509872
8691,8.305572587925772
8681,7.483236723766902
8671,7.670441875731238
8661,8.52221288519394
8651,7.778552025804016
8642,7.798335264610052
8641,8.490771200578918
8162,7.294906747335382
8151,11.010455744494424
8141,5.780048183949941
8131,7.938149723284915
8121,9.60885400121518
8111,8.759973744948061
8101,7.1818678084234175
8091,6.494848340257646
8081,7.520543893379678
8743,6.088786469157111
8753,5.172450503111124
8763,7.6637069400650395
8773,7.1646366974569515
8783,7.258630686301426
8793,6.582564583416401
8803,7.6646850919897425
8813,6.634870747753521
8823,7.039725744719729
8834,5.448695112033519
8461,10.505292359884262
8441,10.585444145629943
8431,7.865195633329213
8421,7.028553282858124
8411,7.688793374887548
8401,7.586990663430883
8301,7.220790136113684
8311,6.66859454950461
8321,8.231289834180401
8331,7.117713512222748
8341,6.311112640117058
8351,6.45024872946912
8361,7.574053249242476
8371,7.85822815286617
8381,6.227029144091276
8754,11.600645136368911
8744,5.564329686283352
8382,6.176285084906723
8372,6.202246375079266
8362,7.819321441686739
8352,7.419640695253927
8342,5.539951625982099
8332,5.322162131815555
8322,6.022312570734149
8312,6.672051192021094
8302,5.690458385890069
8402,7.153744624710899
8412,5.900164073775581
8422,6.654333974782873
8432,6.7882421882271755
8442,6.8134689735654606
8462,9.451295322987457
8472,8.207454941041782
8833,6.419755381167427
8824,8.508352545078358
8814,7.959003980028847
8804,7.941940007670301
8794,9.541102532571694
8784,8.697978167177208
8774,9.207375972920506
8764,9.380690268748438
8151,11.010455744494424
8141,5.780048183949941
8131,7.938149723284915
8121,9.60885400121518
8132,9.505531426212544
8142,7.7992805110713395
8152,6.0600066684851575
8162,7.294906747335382
8161,7.319637371566408
1796,3.665524610186714
2913,5.234726673344899
1639,5.821577820898048
1640B,5.877904555904363
1382,5.4345086917544405
1585,4.400894970576825
1586,4.8759090859805205
1587,4.9173277899274375
7831,5.022972626073233
1366,4.601477315474942
2141,3.4998511731844975
3055,4.985193329488255
3056,4.848121226394583
7568,3.481869078156251
3057,3.5567898698340046
3066,3.5802303250615615
2127,3.622417182234334
2904,3.0899672951931936
2911,4.5216092721910695
3612,3.8259417913808047
3613,3.871596779810643
6799,3.768067905830062
2685,4.261521422903633
6860B,3.9157095494426972
6808B,4.3402093569552855
6811B,3.32096635770621
6792,5.574253145968587
3608B,6.156578733696925
3609,6.439295399296155
2684,6.438441591211042
5101B,3.524810504141192
1229,4.277763197010818
1231,4.317010908692369
1239,4.280928810766725
2604,3.4918262312399215
5121,4.186573209940512
1411,3.1642602388725423
1413,2.902299104776018
1414,2.950836646686802
2667,3.5411669628233002
1240,3.254186856974821
1232,3.9775424141966966
7903,4.004432421700566
5111B,2.0072405990503848
7360,3.96734353563135
